function [ mainColor,shades ] = gcaHelperGetColorForGroup( num )
%UNTITLED Summary of this function goes here
%   Detailed explanation goes here

% black, red, yellow, pink,blue, blue/green, purple,green

% k = [0,0,0]; 
% r = [1,0,0]; 
% 
% y = [0.996078431372549,0.698039215686275,0.298039215686275]; 
% 
% m =  [0.905882352941177,0.160784313725490,0.541176470588235]; 
% 
% b= [0.905882352941177,0.160784313725490,0.541176470588235]; 
% 
% %bg = ;
% 
% p = [0.254901960784314,0.670588235294118,0.364705882352941]; 

%g = ;

mainColorList = {[0,0,0];[1,0,0];[0.996078431372549,0.698039215686275,0.298039215686275];[0.905882352941177,0.160784313725490,0.541176470588235];[0.192156862745098,0.509803921568627,0.741176470588235];[0.00784313725490196,0.505882352941176,0.541176470588235];[0.415686274509804,0.317647058823529,0.639215686274510];[0.254901960784314,0.670588235294118,0.364705882352941]};

shadesColorList{1} = [0.850980392156863,0.850980392156863,0.850980392156863;0.800000000000000,0.800000000000000,0.800000000000000;0.741176470588235,0.741176470588235,0.741176470588235;0.588235294117647,0.588235294117647,0.588235294117647;0.450980392156863,0.450980392156863,0.450980392156863;0.388235294117647,0.388235294117647,0.388235294117647;0.321568627450980,0.321568627450980,0.321568627450980;0.145098039215686,0.145098039215686,0.145098039215686;0.145098039215686,0.145098039215686,0.145098039215686;0,0,0]; 
shadesColorList{2} = [0.988235294117647,0.733333333333333,0.631372549019608;0.988235294117647,0.682352941176471,0.568627450980392;0.988235294117647,0.572549019607843,0.447058823529412;0.984313725490196,0.415686274509804,0.290196078431373;0.937254901960784,0.231372549019608,0.172549019607843;0.870588235294118,0.176470588235294,0.149019607843137;0.796078431372549,0.0941176470588235,0.113725490196078;0.647058823529412,0.0588235294117647,0.0823529411764706;0.600000000000000,0,0.0509803921568627;0.403921568627451,0,0.0509803921568627]; 




mainColor = mainColorList{num}; 
shades = shadesColorList{num}; 

end

